   1.9925372e+02   1.3925372e+02   1.3925372e+02   1.3925372e+02   1.3925372e+02   1.3925372e+02   1.3925372e+02   1.3925372e+02   1.3925372e+02   1.3925372e+02   1.8825372e+02   1.8625372e+02   1.8625372e+02   1.8625372e+02   1.8625372e+02   1.8625372e+02   1.8625372e+02   1.8625372e+02   1.8625372e+02   1.8625372e+02   1.8725372e+02   1.8425372e+02
   1.3925372e+02   1.9925372e+02   1.3925372e+02   1.3925372e+02   1.3925372e+02   1.3925372e+02   1.3925372e+02   1.3925372e+02   1.3925372e+02   1.3925372e+02   1.8625372e+02   1.8825372e+02   1.8625372e+02   1.8625372e+02   1.8625372e+02   1.8625372e+02   1.8625372e+02   1.8625372e+02   1.8625372e+02   1.8625372e+02   1.8725372e+02   1.8425372e+02
   1.3925372e+02   1.3925372e+02   1.9925372e+02   1.3925372e+02   1.3925372e+02   1.3925372e+02   1.3925372e+02   1.3925372e+02   1.3925372e+02   1.3925372e+02   1.8625372e+02   1.8625372e+02   1.8825372e+02   1.8625372e+02   1.8625372e+02   1.8625372e+02   1.8625372e+02   1.8625372e+02   1.8625372e+02   1.8625372e+02   1.8725372e+02   1.8425372e+02
   1.3925372e+02   1.3925372e+02   1.3925372e+02   1.9925372e+02   1.3925372e+02   1.3925372e+02   1.3925372e+02   1.3925372e+02   1.3925372e+02   1.3925372e+02   1.8625372e+02   1.8625372e+02   1.8625372e+02   1.8825372e+02   1.8625372e+02   1.8625372e+02   1.8625372e+02   1.8625372e+02   1.8625372e+02   1.8625372e+02   1.8725372e+02   1.8425372e+02
   1.3925372e+02   1.3925372e+02   1.3925372e+02   1.3925372e+02   1.9925372e+02   1.3925372e+02   1.3925372e+02   1.3925372e+02   1.3925372e+02   1.3925372e+02   1.8625372e+02   1.8625372e+02   1.8625372e+02   1.8625372e+02   1.8825372e+02   1.8625372e+02   1.8625372e+02   1.8625372e+02   1.8625372e+02   1.8625372e+02   1.8725372e+02   1.8425372e+02
   1.3925372e+02   1.3925372e+02   1.3925372e+02   1.3925372e+02   1.3925372e+02   1.9925372e+02   1.3925372e+02   1.3925372e+02   1.3925372e+02   1.3925372e+02   1.8625372e+02   1.8625372e+02   1.8625372e+02   1.8625372e+02   1.8625372e+02   1.8825372e+02   1.8625372e+02   1.8625372e+02   1.8625372e+02   1.8625372e+02   1.8725372e+02   1.8425372e+02
   1.3925372e+02   1.3925372e+02   1.3925372e+02   1.3925372e+02   1.3925372e+02   1.3925372e+02   1.9925372e+02   1.3925372e+02   1.3925372e+02   1.3925372e+02   1.8625372e+02   1.8625372e+02   1.8625372e+02   1.8625372e+02   1.8625372e+02   1.8625372e+02   1.8825372e+02   1.8625372e+02   1.8625372e+02   1.8625372e+02   1.8725372e+02   1.8425372e+02
   1.3925372e+02   1.3925372e+02   1.3925372e+02   1.3925372e+02   1.3925372e+02   1.3925372e+02   1.3925372e+02   1.9925372e+02   1.3925372e+02   1.3925372e+02   1.8625372e+02   1.8625372e+02   1.8625372e+02   1.8625372e+02   1.8625372e+02   1.8625372e+02   1.8625372e+02   1.8825372e+02   1.8625372e+02   1.8625372e+02   1.8725372e+02   1.8425372e+02
   1.3925372e+02   1.3925372e+02   1.3925372e+02   1.3925372e+02   1.3925372e+02   1.3925372e+02   1.3925372e+02   1.3925372e+02   1.9925372e+02   1.3925372e+02   1.8625372e+02   1.8625372e+02   1.8625372e+02   1.8625372e+02   1.8625372e+02   1.8625372e+02   1.8625372e+02   1.8625372e+02   1.8825372e+02   1.8625372e+02   1.8725372e+02   1.8425372e+02
   1.3925372e+02   1.3925372e+02   1.3925372e+02   1.3925372e+02   1.3925372e+02   1.3925372e+02   1.3925372e+02   1.3925372e+02   1.3925372e+02   1.9925372e+02   1.8625372e+02   1.8625372e+02   1.8625372e+02   1.8625372e+02   1.8625372e+02   1.8625372e+02   1.8625372e+02   1.8625372e+02   1.8625372e+02   1.8825372e+02   1.8725372e+02   1.8425372e+02
